0,0|A,0,1
0,0|A,1,2
0,0|A,2,3
0,0|B,0,1
0,0|B,1,4
0,0|B,2,7
0,1|A,0,1
0,1|A,1,2
0,1|A,2,3
0,1|B,1,5
0,1|B,0,2
0,1|B,2,8
0,2|A,0,1
0,2|A,1,2
0,2|A,2,3
0,2|B,0,3
0,2|B,1,6
0,2|B,2,9
1,0|A,0,4
1,0|A,1,5
1,0|A,2,6
1,0|B,1,4
1,0|B,0,1
1,0|B,2,7
1,1|A,0,4
1,1|A,1,5
1,1|A,2,6
1,1|B,0,2
1,1|B,1,5
1,1|B,2,8
1,2|A,0,4
1,2|A,1,5
1,2|A,2,6
1,2|B,1,6
1,2|B,0,3
1,2|B,2,9
2,0|A,0,7
2,0|A,1,8
2,0|A,2,9
2,0|B,0,1
2,0|B,1,4
2,0|B,2,7
2,1|A,0,7
2,1|A,1,8
2,1|A,2,9
2,1|B,1,5
2,1|B,0,2
2,1|B,2,8
2,2|A,0,7
2,2|A,1,8
2,2|A,2,9
2,2|B,0,3
2,2|B,1,6
2,2|B,2,9
