0,0	A,0,1
0,0	A,1,2
0,0	A,2,1
0,0	A,3,2
0,0	A,4,1
0,0	A,5,2
0,0	A,6,1
0,0	A,7,2
0,0	A,8,1
0,0	A,9,2
0,0	B,0,1
0,0	B,1,1
0,0	B,2,1
0,0	B,3,1
0,0	B,4,1
0,0	B,5,1
0,0	B,6,1
0,0	B,7,1
0,0	B,8,1
0,0	B,9,1
0,1	A,0,1
0,1	A,1,2
0,1	A,2,1
0,1	A,3,2
0,1	A,4,1
0,1	A,5,2
0,1	A,6,1
0,1	A,7,2
0,1	A,8,1
0,1	A,9,2
0,1	B,0,1
0,1	B,1,1
0,1	B,2,1
0,1	B,3,1
0,1	B,4,1
0,1	B,5,1
0,1	B,6,1
0,1	B,7,1
0,1	B,8,1
0,1	B,9,1
0,2	A,0,1
0,2	A,1,2
0,2	A,2,1
0,2	A,3,2
0,2	A,4,1
0,2	A,5,2
0,2	A,6,1
0,2	A,7,2
0,2	A,8,1
0,2	A,9,2
0,2	B,0,1
0,2	B,1,1
0,2	B,2,1
0,2	B,3,1
0,2	B,4,1
0,2	B,5,1
0,2	B,6,1
0,2	B,7,1
0,2	B,8,1
0,2	B,9,1
0,3	A,0,1
0,3	A,1,2
0,3	A,2,1
0,3	A,3,2
0,3	A,4,1
0,3	A,5,2
0,3	A,6,1
0,3	A,7,2
0,3	A,8,1
0,3	A,9,2
0,3	B,0,1
0,3	B,1,1
0,3	B,2,1
0,3	B,3,1
0,3	B,4,1
0,3	B,5,1
0,3	B,6,1
0,3	B,7,1
0,3	B,8,1
0,3	B,9,1
0,4	A,0,1
0,4	A,1,2
0,4	A,2,1
0,4	A,3,2
0,4	A,4,1
0,4	A,5,2
0,4	A,6,1
0,4	A,7,2
0,4	A,8,1
0,4	A,9,2
0,4	B,0,1
0,4	B,1,1
0,4	B,2,1
0,4	B,3,1
0,4	B,4,1
0,4	B,5,1
0,4	B,6,1
0,4	B,7,1
0,4	B,8,1
0,4	B,9,1
0,5	A,0,1
0,5	A,1,2
0,5	A,2,1
0,5	A,3,2
0,5	A,4,1
0,5	A,5,2
0,5	A,6,1
0,5	A,7,2
0,5	A,8,1
0,5	A,9,2
0,5	B,0,1
0,5	B,1,1
0,5	B,2,1
0,5	B,3,1
0,5	B,4,1
0,5	B,5,1
0,5	B,6,1
0,5	B,7,1
0,5	B,8,1
0,5	B,9,1
1,0	A,0,2
1,0	A,1,3
1,0	A,2,2
1,0	A,3,3
1,0	A,4,2
1,0	A,5,3
1,0	A,6,2
1,0	A,7,3
1,0	A,8,2
1,0	A,9,3
1,0	B,0,1
1,0	B,1,1
1,0	B,2,1
1,0	B,3,1
1,0	B,4,1
1,0	B,5,1
1,0	B,6,1
1,0	B,7,1
1,0	B,8,1
1,0	B,9,1
1,1	A,0,2
1,1	A,1,3
1,1	A,2,2
1,1	A,3,3
1,1	A,4,2
1,1	A,5,3
1,1	A,6,2
1,1	A,7,3
1,1	A,8,2
1,1	A,9,3
1,1	B,0,1
1,1	B,1,1
1,1	B,2,1
1,1	B,3,1
1,1	B,4,1
1,1	B,5,1
1,1	B,6,1
1,1	B,7,1
1,1	B,8,1
1,1	B,9,1
1,2	A,0,2
1,2	A,1,3
1,2	A,2,2
1,2	A,3,3
1,2	A,4,2
1,2	A,5,3
1,2	A,6,2
1,2	A,7,3
1,2	A,8,2
1,2	A,9,3
1,2	B,0,1
1,2	B,1,1
1,2	B,2,1
1,2	B,3,1
1,2	B,4,1
1,2	B,5,1
1,2	B,6,1
1,2	B,7,1
1,2	B,8,1
1,2	B,9,1
1,3	A,0,2
1,3	A,1,3
1,3	A,2,2
1,3	A,3,3
1,3	A,4,2
1,3	A,5,3
1,3	A,6,2
1,3	A,7,3
1,3	A,8,2
1,3	A,9,3
1,3	B,0,1
1,3	B,1,1
1,3	B,2,1
1,3	B,3,1
1,3	B,4,1
1,3	B,5,1
1,3	B,6,1
1,3	B,7,1
1,3	B,8,1
1,3	B,9,1
1,4	A,0,2
1,4	A,1,3
1,4	A,2,2
1,4	A,3,3
1,4	A,4,2
1,4	A,5,3
1,4	A,6,2
1,4	A,7,3
1,4	A,8,2
1,4	A,9,3
1,4	B,0,1
1,4	B,1,1
1,4	B,2,1
1,4	B,3,1
1,4	B,4,1
1,4	B,5,1
1,4	B,6,1
1,4	B,7,1
1,4	B,8,1
1,4	B,9,1
1,5	A,0,2
1,5	A,1,3
1,5	A,2,2
1,5	A,3,3
1,5	A,4,2
1,5	A,5,3
1,5	A,6,2
1,5	A,7,3
1,5	A,8,2
1,5	A,9,3
1,5	B,0,1
1,5	B,1,1
1,5	B,2,1
1,5	B,3,1
1,5	B,4,1
1,5	B,5,1
1,5	B,6,1
1,5	B,7,1
1,5	B,8,1
1,5	B,9,1
2,0	A,0,3
2,0	A,1,4
2,0	A,2,3
2,0	A,3,4
2,0	A,4,3
2,0	A,5,4
2,0	A,6,3
2,0	A,7,4
2,0	A,8,3
2,0	A,9,4
2,0	B,0,1
2,0	B,1,1
2,0	B,2,1
2,0	B,3,1
2,0	B,4,1
2,0	B,5,1
2,0	B,6,1
2,0	B,7,1
2,0	B,8,1
2,0	B,9,1
2,1	A,0,3
2,1	A,1,4
2,1	A,2,3
2,1	A,3,4
2,1	A,4,3
2,1	A,5,4
2,1	A,6,3
2,1	A,7,4
2,1	A,8,3
2,1	A,9,4
2,1	B,0,1
2,1	B,1,1
2,1	B,2,1
2,1	B,3,1
2,1	B,4,1
2,1	B,5,1
2,1	B,6,1
2,1	B,7,1
2,1	B,8,1
2,1	B,9,1
2,2	A,0,3
2,2	A,1,4
2,2	A,2,3
2,2	A,3,4
2,2	A,4,3
2,2	A,5,4
2,2	A,6,3
2,2	A,7,4
2,2	A,8,3
2,2	A,9,4
2,2	B,0,1
2,2	B,1,1
2,2	B,2,1
2,2	B,3,1
2,2	B,4,1
2,2	B,5,1
2,2	B,6,1
2,2	B,7,1
2,2	B,8,1
2,2	B,9,1
2,3	A,0,3
2,3	A,1,4
2,3	A,2,3
2,3	A,3,4
2,3	A,4,3
2,3	A,5,4
2,3	A,6,3
2,3	A,7,4
2,3	A,8,3
2,3	A,9,4
2,3	B,0,1
2,3	B,1,1
2,3	B,2,1
2,3	B,3,1
2,3	B,4,1
2,3	B,5,1
2,3	B,6,1
2,3	B,7,1
2,3	B,8,1
2,3	B,9,1
2,4	A,0,3
2,4	A,1,4
2,4	A,2,3
2,4	A,3,4
2,4	A,4,3
2,4	A,5,4
2,4	A,6,3
2,4	A,7,4
2,4	A,8,3
2,4	A,9,4
2,4	B,0,1
2,4	B,1,1
2,4	B,2,1
2,4	B,3,1
2,4	B,4,1
2,4	B,5,1
2,4	B,6,1
2,4	B,7,1
2,4	B,8,1
2,4	B,9,1
2,5	A,0,3
2,5	A,1,4
2,5	A,2,3
2,5	A,3,4
2,5	A,4,3
2,5	A,5,4
2,5	A,6,3
2,5	A,7,4
2,5	A,8,3
2,5	A,9,4
2,5	B,0,1
2,5	B,1,1
2,5	B,2,1
2,5	B,3,1
2,5	B,4,1
2,5	B,5,1
2,5	B,6,1
2,5	B,7,1
2,5	B,8,1
2,5	B,9,1
3,0	A,0,4
3,0	A,1,5
3,0	A,2,4
3,0	A,3,5
3,0	A,4,4
3,0	A,5,5
3,0	A,6,4
3,0	A,7,5
3,0	A,8,4
3,0	A,9,5
3,0	B,0,1
3,0	B,1,1
3,0	B,2,1
3,0	B,3,1
3,0	B,4,1
3,0	B,5,1
3,0	B,6,1
3,0	B,7,1
3,0	B,8,1
3,0	B,9,1
3,1	A,0,4
3,1	A,1,5
3,1	A,2,4
3,1	A,3,5
3,1	A,4,4
3,1	A,5,5
3,1	A,6,4
3,1	A,7,5
3,1	A,8,4
3,1	A,9,5
3,1	B,0,1
3,1	B,1,1
3,1	B,2,1
3,1	B,3,1
3,1	B,4,1
3,1	B,5,1
3,1	B,6,1
3,1	B,7,1
3,1	B,8,1
3,1	B,9,1
3,2	A,0,4
3,2	A,1,5
3,2	A,2,4
3,2	A,3,5
3,2	A,4,4
3,2	A,5,5
3,2	A,6,4
3,2	A,7,5
3,2	A,8,4
3,2	A,9,5
3,2	B,0,1
3,2	B,1,1
3,2	B,2,1
3,2	B,3,1
3,2	B,4,1
3,2	B,5,1
3,2	B,6,1
3,2	B,7,1
3,2	B,8,1
3,2	B,9,1
3,3	A,0,4
3,3	A,1,5
3,3	A,2,4
3,3	A,3,5
3,3	A,4,4
3,3	A,5,5
3,3	A,6,4
3,3	A,7,5
3,3	A,8,4
3,3	A,9,5
3,3	B,0,1
3,3	B,1,1
3,3	B,2,1
3,3	B,3,1
3,3	B,4,1
3,3	B,5,1
3,3	B,6,1
3,3	B,7,1
3,3	B,8,1
3,3	B,9,1
3,4	A,0,4
3,4	A,1,5
3,4	A,2,4
3,4	A,3,5
3,4	A,4,4
3,4	A,5,5
3,4	A,6,4
3,4	A,7,5
3,4	A,8,4
3,4	A,9,5
3,4	B,0,1
3,4	B,1,1
3,4	B,2,1
3,4	B,3,1
3,4	B,4,1
3,4	B,5,1
3,4	B,6,1
3,4	B,7,1
3,4	B,8,1
3,4	B,9,1
3,5	A,0,4
3,5	A,1,5
3,5	A,2,4
3,5	A,3,5
3,5	A,4,4
3,5	A,5,5
3,5	A,6,4
3,5	A,7,5
3,5	A,8,4
3,5	A,9,5
3,5	B,0,1
3,5	B,1,1
3,5	B,2,1
3,5	B,3,1
3,5	B,4,1
3,5	B,5,1
3,5	B,6,1
3,5	B,7,1
3,5	B,8,1
3,5	B,9,1
4,0	A,0,5
4,0	A,1,6
4,0	A,2,5
4,0	A,3,6
4,0	A,4,5
4,0	A,5,6
4,0	A,6,5
4,0	A,7,6
4,0	A,8,5
4,0	A,9,6
4,0	B,0,1
4,0	B,1,1
4,0	B,2,1
4,0	B,3,1
4,0	B,4,1
4,0	B,5,1
4,0	B,6,1
4,0	B,7,1
4,0	B,8,1
4,0	B,9,1
4,1	A,0,5
4,1	A,1,6
4,1	A,2,5
4,1	A,3,6
4,1	A,4,5
4,1	A,5,6
4,1	A,6,5
4,1	A,7,6
4,1	A,8,5
4,1	A,9,6
4,1	B,0,1
4,1	B,1,1
4,1	B,2,1
4,1	B,3,1
4,1	B,4,1
4,1	B,5,1
4,1	B,6,1
4,1	B,7,1
4,1	B,8,1
4,1	B,9,1
4,2	A,0,5
4,2	A,1,6
4,2	A,2,5
4,2	A,3,6
4,2	A,4,5
4,2	A,5,6
4,2	A,6,5
4,2	A,7,6
4,2	A,8,5
4,2	A,9,6
4,2	B,0,1
4,2	B,1,1
4,2	B,2,1
4,2	B,3,1
4,2	B,4,1
4,2	B,5,1
4,2	B,6,1
4,2	B,7,1
4,2	B,8,1
4,2	B,9,1
4,3	A,0,5
4,3	A,1,6
4,3	A,2,5
4,3	A,3,6
4,3	A,4,5
4,3	A,5,6
4,3	A,6,5
4,3	A,7,6
4,3	A,8,5
4,3	A,9,6
4,3	B,0,1
4,3	B,1,1
4,3	B,2,1
4,3	B,3,1
4,3	B,4,1
4,3	B,5,1
4,3	B,6,1
4,3	B,7,1
4,3	B,8,1
4,3	B,9,1
4,4	A,0,5
4,4	A,1,6
4,4	A,2,5
4,4	A,3,6
4,4	A,4,5
4,4	A,5,6
4,4	A,6,5
4,4	A,7,6
4,4	A,8,5
4,4	A,9,6
4,4	B,0,1
4,4	B,1,1
4,4	B,2,1
4,4	B,3,1
4,4	B,4,1
4,4	B,5,1
4,4	B,6,1
4,4	B,7,1
4,4	B,8,1
4,4	B,9,1
4,5	A,0,5
4,5	A,1,6
4,5	A,2,5
4,5	A,3,6
4,5	A,4,5
4,5	A,5,6
4,5	A,6,5
4,5	A,7,6
4,5	A,8,5
4,5	A,9,6
4,5	B,0,1
4,5	B,1,1
4,5	B,2,1
4,5	B,3,1
4,5	B,4,1
4,5	B,5,1
4,5	B,6,1
4,5	B,7,1
4,5	B,8,1
4,5	B,9,1
5,0	A,0,6
5,0	A,1,7
5,0	A,2,6
5,0	A,3,7
5,0	A,4,6
5,0	A,5,7
5,0	A,6,6
5,0	A,7,7
5,0	A,8,6
5,0	A,9,7
5,0	B,0,1
5,0	B,1,1
5,0	B,2,1
5,0	B,3,1
5,0	B,4,1
5,0	B,5,1
5,0	B,6,1
5,0	B,7,1
5,0	B,8,1
5,0	B,9,1
5,1	A,0,6
5,1	A,1,7
5,1	A,2,6
5,1	A,3,7
5,1	A,4,6
5,1	A,5,7
5,1	A,6,6
5,1	A,7,7
5,1	A,8,6
5,1	A,9,7
5,1	B,0,1
5,1	B,1,1
5,1	B,2,1
5,1	B,3,1
5,1	B,4,1
5,1	B,5,1
5,1	B,6,1
5,1	B,7,1
5,1	B,8,1
5,1	B,9,1
5,2	A,0,6
5,2	A,1,7
5,2	A,2,6
5,2	A,3,7
5,2	A,4,6
5,2	A,5,7
5,2	A,6,6
5,2	A,7,7
5,2	A,8,6
5,2	A,9,7
5,2	B,0,1
5,2	B,1,1
5,2	B,2,1
5,2	B,3,1
5,2	B,4,1
5,2	B,5,1
5,2	B,6,1
5,2	B,7,1
5,2	B,8,1
5,2	B,9,1
5,3	A,0,6
5,3	A,1,7
5,3	A,2,6
5,3	A,3,7
5,3	A,4,6
5,3	A,5,7
5,3	A,6,6
5,3	A,7,7
5,3	A,8,6
5,3	A,9,7
5,3	B,0,1
5,3	B,1,1
5,3	B,2,1
5,3	B,3,1
5,3	B,4,1
5,3	B,5,1
5,3	B,6,1
5,3	B,7,1
5,3	B,8,1
5,3	B,9,1
5,4	A,0,6
5,4	A,1,7
5,4	A,2,6
5,4	A,3,7
5,4	A,4,6
5,4	A,5,7
5,4	A,6,6
5,4	A,7,7
5,4	A,8,6
5,4	A,9,7
5,4	B,0,1
5,4	B,1,1
5,4	B,2,1
5,4	B,3,1
5,4	B,4,1
5,4	B,5,1
5,4	B,6,1
5,4	B,7,1
5,4	B,8,1
5,4	B,9,1
5,5	A,0,6
5,5	A,1,7
5,5	A,2,6
5,5	A,3,7
5,5	A,4,6
5,5	A,5,7
5,5	A,6,6
5,5	A,7,7
5,5	A,8,6
5,5	A,9,7
5,5	B,0,1
5,5	B,1,1
5,5	B,2,1
5,5	B,3,1
5,5	B,4,1
5,5	B,5,1
5,5	B,6,1
5,5	B,7,1
5,5	B,8,1
5,5	B,9,1
6,0	A,0,7
6,0	A,1,8
6,0	A,2,7
6,0	A,3,8
6,0	A,4,7
6,0	A,5,8
6,0	A,6,7
6,0	A,7,8
6,0	A,8,7
6,0	A,9,8
6,0	B,0,1
6,0	B,1,1
6,0	B,2,1
6,0	B,3,1
6,0	B,4,1
6,0	B,5,1
6,0	B,6,1
6,0	B,7,1
6,0	B,8,1
6,0	B,9,1
6,1	A,0,7
6,1	A,1,8
6,1	A,2,7
6,1	A,3,8
6,1	A,4,7
6,1	A,5,8
6,1	A,6,7
6,1	A,7,8
6,1	A,8,7
6,1	A,9,8
6,1	B,0,1
6,1	B,1,1
6,1	B,2,1
6,1	B,3,1
6,1	B,4,1
6,1	B,5,1
6,1	B,6,1
6,1	B,7,1
6,1	B,8,1
6,1	B,9,1
6,2	A,0,7
6,2	A,1,8
6,2	A,2,7
6,2	A,3,8
6,2	A,4,7
6,2	A,5,8
6,2	A,6,7
6,2	A,7,8
6,2	A,8,7
6,2	A,9,8
6,2	B,0,1
6,2	B,1,1
6,2	B,2,1
6,2	B,3,1
6,2	B,4,1
6,2	B,5,1
6,2	B,6,1
6,2	B,7,1
6,2	B,8,1
6,2	B,9,1
6,3	A,0,7
6,3	A,1,8
6,3	A,2,7
6,3	A,3,8
6,3	A,4,7
6,3	A,5,8
6,3	A,6,7
6,3	A,7,8
6,3	A,8,7
6,3	A,9,8
6,3	B,0,1
6,3	B,1,1
6,3	B,2,1
6,3	B,3,1
6,3	B,4,1
6,3	B,5,1
6,3	B,6,1
6,3	B,7,1
6,3	B,8,1
6,3	B,9,1
6,4	A,0,7
6,4	A,1,8
6,4	A,2,7
6,4	A,3,8
6,4	A,4,7
6,4	A,5,8
6,4	A,6,7
6,4	A,7,8
6,4	A,8,7
6,4	A,9,8
6,4	B,0,1
6,4	B,1,1
6,4	B,2,1
6,4	B,3,1
6,4	B,4,1
6,4	B,5,1
6,4	B,6,1
6,4	B,7,1
6,4	B,8,1
6,4	B,9,1
6,5	A,0,7
6,5	A,1,8
6,5	A,2,7
6,5	A,3,8
6,5	A,4,7
6,5	A,5,8
6,5	A,6,7
6,5	A,7,8
6,5	A,8,7
6,5	A,9,8
6,5	B,0,1
6,5	B,1,1
6,5	B,2,1
6,5	B,3,1
6,5	B,4,1
6,5	B,5,1
6,5	B,6,1
6,5	B,7,1
6,5	B,8,1
6,5	B,9,1
END